date,states,positive,negative,pending,hospitalizedcurrently,hospitalizedcumulative,inicucurrently,inicucumulative,onventilatorcurrently,onventilatorcumulative,recovered,hash,datechecked,death,hospitalized,total,totaltestresults,posneg,deathincrease,hospitalizedincrease,negativeincrease,positiveincrease,totaltestresultsincrease
2020-04-28,56,1005592,4790136,4206,54940,106308,9491,3798,4760,195,139342,450cb4b3e77554d31ab459dccdb836f3fa5d2344,2020-04-28 20:00:00,52525,106308,5799934,5795728,5795728,2198,2059,177775,24458,202233
2020-04-27,56,981134,4612361,4077,54971,104249,9655,3720,4867,195,121609,a43f1993e823ebc4a491bb82a3bf8ba9445b403f,2020-04-27 20:00:00,50327,104249,5597572,5593495,5593495,1163,3016,168567,21876,190443
2020-04-26,56,959258,4443794,4445,55050,101233,14831,2571,5121,227,116801,fbcd5b0641b47dc030975ffc489828c61347de38,2020-04-26 20:00:00,49164,101233,5407497,5403052,5403052,1095,2134,179387,27016,206403
2020-04-25,56,932242,4264407,5315,56344,99099,15020,2516,5266,227,112783,729b3277b99eedf434ac8c6f9ebd50668fac36e8,2020-04-25 20:00:00,48069,99099,5201964,5196649,5196649,1818,2422,235320,35936,271256
2020-04-24,56,896306,4029087,4396,56075,96677,15078,2468,5187,227,101517,25b6e8f4a82aa3099c5b3857a0211c8b15cb7036,2020-04-24 20:00:00,46251,96677,4929789,4925393,4925393,1866,3407,197707,34518,232225
2020-04-23,56,861788,3831380,4258,57840,93270,15163,2428,5464,227,82194,f745d8984cac4b356b472b25bd2124fb5f03bb9e,2020-04-23 20:00:00,44385,93270,4697426,4693168,4693168,1877,2667,160447,31565,192012
2020-04-22,56,830223,3670933,4191,58086,90603,15341,2370,5474,227,78230,621b287231a9b5191a17b61e168e8a575bdb7eae,2020-04-22 20:00:00,42508,90603,4505347,4501156,4501156,2037,2879,286289,27893,314182
2020-04-21,56,802330,3384644,3956,58541,87724,15228,2315,5514,214,73002,04a0e9762e044b17025474fe489c0ea060066b45,2020-04-21 20:00:00,40471,87724,4190930,4186974,4186974,2558,2888,122168,25911,148079
2020-04-20,56,776419,3262476,4037,55652,84836,14691,2193,5567,214,69636,fcfbae0f2583248221cec7a58415880738e63d85,2020-04-20 20:00:00,37913,84836,4042932,4038895,4038895,1689,2080,122380,25132,147512
2020-04-19,56,751287,3140096,11324,55550,82756,14548,2145,5603,214,67339,e3e457c638f57fbca31d151a70a5ed7f76608790,2020-04-19 20:00:00,36224,82756,3902707,3891383,3891383,1667,2103,138947,27511,166458
2020-04-18,56,723776,3001149,9906,56553,80653,14788,2096,5729,205,62961,6cc855588be409e9ad556c3f6dc79c6790ffa63a,2020-04-18 20:00:00,34557,80653,3734831,3724925,3724925,1772,3198,114300,28015,142315
2020-04-17,56,695761,2886849,10889,57808,77455,14910,2052,6096,148,53644,95faca25a959acc1c50da6a1d1e70c12005eaae6,2020-04-17 20:00:00,32785,77455,3593499,3582610,3582610,2063,3279,126288,31632,157920
2020-04-16,56,664129,2760561,16927,58625,74176,15150,1834,5940,137,48945,8a2df24f620fec77b699c4559c4346bcb5fcb30a,2020-04-16 20:00:00,30722,74176,3441617,3424690,3424690,2158,2938,131109,31017,162126
2020-04-15,56,633112,2629452,16901,59260,71238,14667,1783,6032,223,43522,208ab6d4b277477c1797e1e9b1c230af78db269a,2020-04-15 20:00:00,28564,71238,3279465,3262564,3262564,2498,4330,106389,30444,136833
2020-04-14,56,602668,2523063,16615,58719,66908,14039,1715,5975,221,39347,7d359068a3c4f58c3188fe8ffa818072a97673b6,2020-04-14 20:00:00,26066,66908,3142346,3125731,3125731,2312,3165,124623,25793,150416
2020-04-13,56,576875,2398440,17159,55295,63743,13632,1628,6168,210,35442,2ab88f089f437686ef2919034e0cf08094a42617,2020-04-13 20:00:00,23754,63743,2992474,2975315,2975315,1517,2263,108024,24969,132993
2020-04-12,56,551906,2290416,16419,54749,61480,13917,1455,5986,160,34151,96a7ad5587d9682da78e6dbe8810aaececeb39ec,2020-04-12 20:00:00,22237,61480,2858741,2842322,2842322,1551,2544,112549,29219,141768
2020-04-11,56,522687,2177867,16593,54757,58936,13563,1228,5978,41,31631,c60b2c8d1d06c7368f053decb48f74cfdeb611f3,2020-04-11 20:00:00,20686,58936,2717147,2700554,2700554,1935,2115,108666,29881,138547
2020-04-10,56,492806,2069201,17435,51745,56821,12698,1185,5937,41,29054,d9e32d231e392711e4d548bde5b2dcb01308c241,2020-04-10 20:00:00,18751,56821,2579442,2562007,2562007,2092,4215,123199,34546,157745
2020-04-09,56,458260,1946002,17622,49826,52606,12254,924,5794,39,24869,235f0e5ea65e5d5f44ecac0b120d4cfc1a648f13,2020-04-09 20:00:00,16659,52606,2421884,2404262,2404262,1922,3153,131618,34215,165833
2020-04-08,56,424045,1814384,17219,44063,49453,9932,1013,4131,216,21141,2eaad2ba7089a557ca4101f226f509eb46cf474c,2020-04-08 20:00:00,14737,49453,2255648,2238429,2238429,1896,3557,114262,30171,144433
2020-04-07,56,393874,1700122,16548,42294,45896,9875,889,4076,151,18477,df8d6fc8ddaef8d88e10713a8d639f967d191226,2020-04-07 20:00:00,12841,45896,2110544,2093996,2093996,1904,2272,122336,30409,152745
2020-04-06,56,363465,1577786,17283,34663,43624,6943,814,2961,147,16584,21b890c750c62651a9b588c570e390574503dd33,2020-04-06 20:00:00,10937,43624,1958534,1941251,1941251,1223,2914,121983,28747,150730
2020-04-05,56,334718,1455803,17303,30905,40710,5677,760,652,147,14542,20aa5185cfeeb765454486ba1db7d5ba708b8617,2020-04-05 20:00:00,9714,40710,1807824,1790521,1790521,1227,2741,93693,25966,119659
2020-04-04,56,308752,1362110,15569,29095,37969,5383,554,656,147,12840,1ea434dd3fcd267c992b7e9ff65801a4a1adf465,2020-04-04 20:00:00,8487,37969,1686431,1670862,1670862,1375,4468,195279,33518,228797
2020-04-03,56,275234,1166831,61976,24564,33501,4811,486,605,147,10861,1c3ac1e94118f31e4ae9484cd2a88276ab138397,2020-04-03 20:00:00,7112,33501,1504041,1442065,1442065,1188,3303,100233,31999,132232
2020-04-02,56,243235,1066598,62097,21833,30198,4410,456,574,140,8586,e576ac7ace732b4ab366621b5e02c86363f32968,2020-04-02 20:00:00,5924,30198,1371930,1309833,1309833,1101,4141,89965,28058,118023
2020-04-01,56,215177,976633,59665,19982,26057,3937,407,561,140,7084,77324cdf26fe0c0c90a932126b52e893e434b5d9,2020-04-01 20:00:00,4823,26057,1251475,1191810,1191810,946,3890,82403,25179,107582
2020-03-31,56,189998,894230,59518,17856,22167,3487,236,507,,5666,d56ea12a27de887e9dfd67cbb5ab7b12bf5ef8af,2020-03-31 20:00:00,3877,22167,1143746,1084228,1084228,817,3656,86617,24477,111094
2020-03-30,56,165521,807613,65369,15574,18511,3087,187,451,,4560,127f1fac888347043dfb1a95f6bc89f5e263867c,2020-03-30 20:00:00,3060,18511,1038503,973134,973134,533,2248,96226,21224,117450
2020-03-29,56,144297,711387,65545,13833,16263,2456,156,439,,4061,49152a4f806a67d26bc38b8842149f8f6f872c6d,2020-03-29 20:00:00,2527,16263,921229,855684,855684,489,2514,69298,19482,88780
2020-03-28,56,124815,642089,65709,12179,13749,2174,140,390,,3148,bfd44387b869daf0d627ff9877d00d918e110cbf,2020-03-28 20:00:00,2038,13749,832613,766904,766904,434,2208,85013,19353,104366
2020-03-27,56,105462,557076,60091,10789,11541,1792,124,324,,2422,120ac83f89f0567eb02936d7c51a6583ba6eb87f,2020-03-27 20:00:00,1604,11541,722629,662538,662538,373,2394,84397,18673,103070
2020-03-26,56,86789,472679,60251,7617,9147,1299,91,258,,97,70da91b99a922a51b5df69a1f412216bee6e718c,2020-03-26 20:00:00,1231,9147,619719,559468,559468,278,3711,83148,17316,100464
2020-03-25,56,69473,389531,51235,4971,5436,,74,167,,147,311a4cbdb0bd99b1f549386c88dbcf622a9a7a31,2020-03-25 20:00:00,953,5436,510239,459004,459004,228,1345,71193,12294,83487
2020-03-24,56,57179,318338,14433,3828,4091,,,,,,43c6f1f02143f4ca0141fdfa133d35c91712e898,2020-03-24 20:00:00,725,4091,389950,375517,375517,204,833,58447,10166,68613
2020-03-23,56,47013,259891,14571,2770,3258,,,,,,3b784484c4c3f0d7669b830efff806a0948ade96,2020-03-23 20:00:00,521,3258,321475,306904,306904,85,760,46456,10679,57135
2020-03-22,56,36334,213435,2842,2155,2498,,,,,,3b7580739e94278832342a2f40123e990d3dd6c4,2020-03-22 20:00:00,436,2498,252611,249769,249769,130,534,35635,8962,44597
2020-03-21,56,27372,177800,3468,1436,1964,,,,,,8e7112b37f5451595e8c0540a69dd23440941fed,2020-03-21 20:00:00,306,1964,208640,205172,205172,53,1964,38221,6532,44753
2020-03-20,56,20840,139579,3330,1042,,,,,,,610f9ce50bc0cc837d0494a4d96ccbe7c0d45dc2,2020-03-20 20:00:00,253,,163749,160419,160419,64,0,30384,5777,36161
2020-03-19,56,15063,109195,3016,617,,,,,,,93e2b6dedbef9d13e275e6960b618a9c8fdd997c,2020-03-19 20:00:00,189,,127274,124258,124258,44,0,23202,4198,27400
2020-03-18,56,10865,85993,2526,416,,,,,,,62a31c6884b564a212840cb121ba4210ca52dfd0,2020-03-18 20:00:00,145,,99384,96858,96858,25,0,22062,2577,24639
2020-03-17,56,8288,63931,1687,325,,,,,,,004b536f20f9baeb2a36fc1e95a1abbb04092642,2020-03-17 20:00:00,120,,73906,72219,72219,22,0,13451,2158,15609
2020-03-16,56,6130,50480,1691,,,,,,,,c4096cb17defa077934525a47f0024dc49a5dcae,2020-03-16 20:00:00,98,,58301,56610,56610,21,0,16374,1287,17661
2020-03-15,51,4843,34106,2242,,,,,,,,fce06ee10c387522227eccdcf6c3b2c1c3433d98,2020-03-15 20:00:00,77,,41191,38949,38949,14,0,6574,1084,7658
2020-03-14,51,3759,27532,1236,,,,,,,,0c9417b208e3b528888877129e5759e5f76b71a4,2020-03-14 20:00:00,63,,32527,31291,31291,8,0,3763,755,4518
2020-03-13,51,3004,23769,1130,,,,,,,,91004c3d7f5a6d7a1f871125609aabfdd2073a1f,2020-03-13 20:00:00,55,,27903,26773,26773,4,0,8194,862,9056
2020-03-12,51,2142,15575,673,,,,,,,,e0943e8afd1b311a942133df91b2010ac41044a8,2020-03-12 20:00:00,51,,18390,17717,17717,8,0,4667,470,5137
2020-03-11,50,1672,10908,563,,,,,,,,a0b4013a889198b1d7287d1403749db68c32f6dc,2020-03-11 20:00:00,43,,13143,12580,12580,6,0,3356,392,3748
2020-03-10,50,1280,7552,469,,,,,,,,db1e3581ccf1eb81ef7408d61f194cd9e2ab1911,2020-03-10 20:00:00,37,,9301,8832,8832,2,0,2145,267,2412
2020-03-09,50,1013,5407,313,,,,,,,,ba24dbcbb560145de4f2aa056f127ea0755a2643,2020-03-09 20:00:00,35,,6733,6420,6420,4,0,1504,292,1796
2020-03-08,50,721,3903,347,,,,,,,,e4b9bea802a7daa13285f181d4296bc1491fa0d7,2020-03-08 20:00:00,31,,4971,4624,4624,4,0,688,183,871
2020-03-07,50,538,3215,602,,,,,,,,7e17c8f7fc818e32a05c5783f13bbb27b61c3966,2020-03-07 21:00:00,27,,4355,3753,3753,1,0,619,151,770
2020-03-06,36,387,2596,458,,,,,,,,f08bb4a7c21c799cc8827b629a1cb28a5184d5fa,2020-03-06 21:00:00,26,,3441,2983,2983,6,0,683,112,795
2020-03-05,24,275,1913,197,,,,,,,,9a418a2d5840d72d97a6bbb4486b9f0b14d21709,2020-03-05 21:00:00,20,,2385,2188,2188,4,0,523,68,591
2020-03-04,15,207,1390,103,,,,,,,,6fc995ed3259e0c2cad7e046bbbf274bf6960771,2020-03-04 21:00:00,16,,1700,1597,1597,2,0,957,113,1070
2020-03-03,3,94,433,,,,,,,,,e41c31aa1f8455a37dd739641ea9a45679fcc691,2020-03-03 21:00:00,14,,527,527,527,3,0,204,41,245
2020-03-02,3,53,229,,,,,,,,,ccb9f5a0e48895a5fc028393aa4335cb9b675a78,2020-03-02 21:00:00,11,,282,282,282,3,0,148,13,161
2020-03-01,3,40,81,,,,,,,,,7c08a921f79dc336c5fae71e055e3796ff0ed585,2020-03-01 21:00:00,8,,121,121,121,3,0,58,22,80
2020-02-29,1,18,23,,,,,,,,,767a2ebbc6868d871d9f9f27e4cec56f4933b0a0,2020-02-29 21:00:00,5,,41,41,41,1,0,23,9,32
2020-02-28,1,9,,,,,,,,,,7de1cbe8b7b0a50a3afdd4b9c4d69ff78318681e,2020-02-28 21:00:00,4,,9,9,9,2,0,0,7,7
2020-02-27,1,2,,,,,,,,,,a805cea4ab45c022f6b00d6076f20d4e77583783,2020-02-27 21:00:00,2,,2,2,2,0,0,0,0,0
2020-02-26,1,2,,,,,,,,,,837d19c7fcf582a8220fa348e8d85fd3f7811012,2020-02-26 21:00:00,2,,2,2,2,2,0,0,0,0
2020-02-25,1,2,,,,,,,,,,578b3152c51f04daa4ee6ea3506caa775b5f1f76,2020-02-25 21:00:00,,,2,2,2,0,0,0,0,0
2020-02-24,1,2,,,,,,,,,,3a27dd08c3d0828107dd98ad135a53f0b4f08666,2020-02-24 21:00:00,,,2,2,2,0,0,0,0,0
2020-02-23,1,2,,,,,,,,,,1bdeb1e3884a10e62b93bbccfc90f03a6cc13576,2020-02-23 21:00:00,,,2,2,2,0,0,0,0,0
2020-02-22,1,2,,,,,,,,,,df77ad25e996d3edeef4143c0034e41bb90ff8d7,2020-02-22 21:00:00,,,2,2,2,0,0,0,0,0
2020-02-21,1,2,,,,,,,,,,39ea15cf24b8e78f2ddb174c892479a842800926,2020-02-21 21:00:00,,,2,2,2,0,0,0,0,0
2020-02-20,1,2,,,,,,,,,,b548a7aae5afe902cf1ab97ebfd580bf19e38521,2020-02-20 21:00:00,,,2,2,2,0,0,0,0,0
2020-02-19,1,2,,,,,,,,,,25c62be2c01dba1116589405c3d4a7898c750721,2020-02-19 21:00:00,,,2,2,2,0,0,0,0,0
2020-02-18,1,2,,,,,,,,,,5878af2ae84856bcfb78f8b8b4b70fadb7dc0a47,2020-02-18 21:00:00,,,2,2,2,0,0,0,0,0
2020-02-17,1,2,,,,,,,,,,da75d8f0f88d970e35dd293431ef673f2af1438c,2020-02-17 21:00:00,,,2,2,2,0,0,0,0,0
2020-02-16,1,2,,,,,,,,,,9e17f5b8ee9645a9111cb8db49a7bd758dd0bc73,2020-02-16 21:00:00,,,2,2,2,0,0,0,0,0
2020-02-15,1,2,,,,,,,,,,e336ba8654b9c45fe6771c2f4d4e40d8b61f2f2b,2020-02-15 21:00:00,,,2,2,2,0,0,0,0,0
2020-02-14,1,2,,,,,,,,,,262efe18f989824eb72a8372c9b2c9c9da327057,2020-02-14 21:00:00,,,2,2,2,0,0,0,0,0
2020-02-13,1,2,,,,,,,,,,11c38a2f6a1800231250f1131b0ff6fa04c7192e,2020-02-13 21:00:00,,,2,2,2,0,0,0,0,0
2020-02-12,1,2,,,,,,,,,,7027cacbbb65cf28fd2a691e18fa266ae320101a,2020-02-12 21:00:00,,,2,2,2,0,0,0,0,0
2020-02-11,1,2,,,,,,,,,,ed44edfeeb97f3a0e0ed58969a9307e7f6ed86e1,2020-02-11 21:00:00,,,2,2,2,0,0,0,0,0
2020-02-10,1,2,,,,,,,,,,369de9a0d6f4da00c4a18501f32de48f93ef60b1,2020-02-10 21:00:00,,,2,2,2,0,0,0,0,0
2020-02-09,1,2,,,,,,,,,,411bb85c192f54f7a44df3e8f6693c20999126b9,2020-02-09 21:00:00,,,2,2,2,0,0,0,0,0
2020-02-08,1,2,,,,,,,,,,e80ee5933ca22c0361b63abc50662a42c00b1717,2020-02-08 21:00:00,,,2,2,2,0,0,0,0,0
2020-02-07,1,2,,,,,,,,,,c4f14d68a8e24875a03a3be45b06abd1852a583e,2020-02-07 21:00:00,,,2,2,2,0,0,0,1,1
2020-02-06,1,1,,,,,,,,,,836f913fb08c69692a025e280a4c684a80b1796f,2020-02-06 21:00:00,,,1,1,1,0,0,0,0,0
2020-02-05,1,1,,,,,,,,,,bacb23252fc23eed150dae0934012fc6e22187d1,2020-02-05 21:00:00,,,1,1,1,0,0,0,0,0
2020-02-04,1,1,,,,,,,,,,48d61649a3db06c47783fe643e0acdb8a15b6c12,2020-02-04 21:00:00,,,1,1,1,0,0,0,0,0
2020-02-03,1,1,,,,,,,,,,e887293476f594e90ba32c385d22b3bced9aa063,2020-02-03 21:00:00,,,1,1,1,0,0,0,0,0
2020-02-02,1,1,,,,,,,,,,fb99aa8a412d538f5f51e2254b63d201baaf0921,2020-02-02 21:00:00,,,1,1,1,0,0,0,0,0
2020-02-01,1,1,,,,,,,,,,58e13ca4e44e7210254e7b96070cb33fc65d5300,2020-02-01 21:00:00,,,1,1,1,0,0,0,0,0
2020-01-31,1,1,,,,,,,,,,758f70010ae20a79a7ddf5af353e641b1a2f2846,2020-01-31 21:00:00,,,1,1,1,0,0,0,0,0
2020-01-30,1,1,,,,,,,,,,29b71efffebda97166780afdbdf9064209ef97c6,2020-01-30 21:00:00,,,1,1,1,0,0,0,0,0
2020-01-29,1,1,,,,,,,,,,060141ee6f965eee9e5e2f41a97477320c32ea4d,2020-01-29 21:00:00,,,1,1,1,0,0,0,0,0
2020-01-28,1,1,,,,,,,,,,f74719df84c05599172392056e21bda7fb118903,2020-01-28 21:00:00,,,1,1,1,0,0,0,0,0
2020-01-27,1,1,,,,,,,,,,0fa4d692fb4012d0200fdd2dc51428578e613855,2020-01-27 21:00:00,,,1,1,1,0,0,0,0,0
2020-01-26,1,1,,,,,,,,,,49d7f7395cd6355c1cfd73e8f987b880a23b0806,2020-01-26 21:00:00,,,1,1,1,0,0,0,0,0
2020-01-25,1,1,,,,,,,,,,3397c4f4ae5bca7147c616b98530b573a34d53fe,2020-01-25 21:00:00,,,1,1,1,0,0,0,0,0
2020-01-24,1,1,,,,,,,,,,df62af08ca19261e649a2956caaa742afa10fba4,2020-01-24 21:00:00,,,1,1,1,0,0,0,0,0
2020-01-23,1,1,,,,,,,,,,990a02f183bd45edc0cc64e2e9cee81ade44e1d5,2020-01-23 21:00:00,,,1,1,1,0,0,0,0,0
2020-01-22,1,1,,,,,,,,,,6f126ac272c96ac177c9e7a012c1ad72635ef468,2020-01-22 21:00:00,,,1,1,1,,,,,
